10/27/18 11:26:56.898375	 Name Of Activity: Name of activity
Description Of Activity: 	Description
Activity Start

10/27/18 11:27:00.018560	FL0R1CPS1	CH	30
10/27/18 11:27:00.020557	FL0R1CPS0	CH	30
10/27/18 11:27:00.021556	FL0R0CPS0	OFF
10/27/18 11:27:00.480524	FL0R0CPS1	OFF
10/27/18 11:27:00.512503	FL0R1CPS2	OFF
10/27/18 11:27:00.513502	FL0R0CPS2	OFF
10/27/18 11:27:00.541486	FL0R1CPS4	ON	30
10/27/18 11:27:00.543485	FL0R0CPS4	ON	30
10/27/18 11:27:00.587460	FL0R1CPS4	OFF
10/27/18 11:27:00.588459	FL0R1CPS2	ON	60
10/27/18 11:27:00.590458	FL0R1CPS1	CH	60
10/27/18 11:27:00.591457	FL0R0CPS4	OFF
10/27/18 11:27:00.593456	FL0R0CPS3	OFF
10/27/18 11:27:00.620442	FL0R1CPS4	ON	30
10/27/18 11:27:00.621441	FL0R1CPS2	CH	30
10/27/18 11:27:00.622442	FL0R1CPS0	OFF
10/27/18 11:27:00.648425	FL0R1CPS4	OFF
10/27/18 11:27:00.649424	FL0R1CPS3	OFF
10/27/18 11:27:00.650423	FL0R1CPS0	ON	30
10/27/18 11:27:00.678411	FL0R1CPS3	ON	30
10/27/18 11:27:00.679408	FL0R1CPS2	CH	60
10/27/18 11:27:00.680407	FL0R1CPS0	CH	60
10/27/18 11:27:00.681406	FL0R0CPS0	ON	30
10/27/18 11:27:00.709390	FL0R1CPS4	ON	30
10/27/18 11:27:00.710390	FL0R1CPS2	OFF
10/27/18 11:27:00.711397	FL0R1CPS1	CH	30
10/27/18 11:27:00.713393	FL0R1CPS0	CH	30
10/27/18 11:27:00.714387	FL0R0CPS3	ON	30
10/27/18 11:27:00.715388	FL0R0CPS0	OFF
10/27/18 11:27:00.757367	FL0R1CPS5	ON	30
10/27/18 11:27:00.759363	FL0R1CPS3	CH	60
10/27/18 11:27:00.760360	FL0R1CPS2	ON	60
10/27/18 11:27:00.762361	FL0R0CPS2	ON	30
10/27/18 11:27:00.763359	FL0R0CPS1	ON	30
10/27/18 11:27:00.764359	FL0R0CPS0	ON	30
10/27/18 11:27:00.789345	FL0R0CPS2	OFF
10/27/18 11:27:00.790344	FL0R0CPS1	OFF
10/27/18 11:27:00.791347	FL0R0CPS0	OFF
10/27/18 11:27:00.813330	FL0R1CPS5	OFF
10/27/18 11:27:00.814330	FL0R1CPS4	OFF
10/27/18 11:27:00.815332	FL0R1CPS1	CH	60
10/27/18 11:27:00.816329	FL0R0CPS3	OFF
10/27/18 11:27:00.860303	FL0R1CPS3	CH	30
10/27/18 11:27:00.861302	FL0R1CPS0	OFF
10/27/18 11:27:00.902279	FL0R1CPS4	ON	30
10/27/18 11:27:00.933261	FL0R1CPS2	CH	30
10/27/18 11:27:00.934261	FL0R1CPS1	CH	30
10/27/18 11:27:00.988230	FL0R1CPS4	OFF
10/27/18 11:27:01.045198	FL0R1CPS3	OFF
10/27/18 11:27:01.046197	FL0R1CPS2	OFF
10/27/18 11:27:01.101164	FL0R1CPS2	ON	30
10/27/18 11:27:01.131147	FL0R1CPS3	ON	30
10/27/18 11:27:01.132146	FL0R1CPS2	CH	60
10/27/18 11:27:01.132146	FL0R1CPS1	OFF
10/27/18 11:27:01.177126	FL0R1CPS3	CH	60
10/27/18 11:27:01.218097	FL0R1CPS5	ON	30
10/27/18 11:27:01.220099	FL0R1CPS4	ON	60
10/27/18 11:27:01.243083	FL0R1CPS3	CH	30
10/27/18 11:27:01.245081	FL0R1CPS2	CH	30
10/27/18 11:27:01.298052	FL0R1CPS4	CH	30
10/27/18 11:27:01.346024	FL0R1CPS6	ON	30
10/27/18 11:27:01.411986	FL0R1CPS6	OFF
10/27/18 11:27:01.412987	FL0R1CPS5	OFF
10/27/18 11:27:01.454960	FL0R1CPS5	ON	60
10/27/18 11:27:01.456964	FL0R1CPS2	OFF
10/27/18 11:27:01.488940	FL0R1CPS5	CH	30
10/27/18 11:27:01.490939	FL0R1CPS3	OFF
10/27/18 11:27:01.579888	FL0R1CPS6	ON	30
10/27/18 11:27:01.580889	FL0R1CPS4	OFF
10/27/18 11:27:01.649848	FL0R1CPS1	ON	30
10/27/18 11:27:01.670836	FL0R1CPS1	OFF
10/27/18 11:27:01.692825	FL0R1CPS6	OFF
10/27/18 11:27:01.693823	FL0R1CPS1	ON	30
10/27/18 11:27:01.729801	FL0R1CPS2	ON	30
10/27/18 11:27:01.761785	FL0R1CPS5	OFF
10/27/18 11:27:01.828744	FL0R1CPS1	OFF
10/27/18 11:27:01.899704	FL0R1CPS2	OFF

10/27/18 11:27:08.130794	 Name Of Activity: Name of activity
Activity ended

10/27/18 13:22:56.257861	 Name Of Activity: Name of activity
Description Of Activity: 	Description
Activity Start

10/27/18 13:23:00.665406	FL0R1CPS5	CH	30
10/27/18 13:23:00.795328	FL1R1CPS0	ON	30
10/27/18 13:23:00.874282	FL0R1CPS3	OFF
10/27/18 13:23:00.875280	FL0R1CPS2	OFF
10/27/18 13:23:00.909260	FL0R1CPS4	OFF
10/27/18 13:23:01.002219	FL0R1CPS5	OFF
10/27/18 13:23:01.004216	FL1R1CPS1	ON	30
10/27/18 13:23:01.048187	FL0R1CPS6	OFF
10/27/18 13:23:01.148123	FL0R1CPS7	OFF
10/27/18 13:23:01.149123	FL1R1CPS0	OFF
10/27/18 13:23:01.176107	FL1R1CPS2	ON	30
10/27/18 13:23:01.291041	FL0R1CPS6	ON	30
10/27/18 13:23:01.329019	FL0R1CPS7	ON	30
10/27/18 13:23:01.329019	FL1R1CPS1	CH	60
10/27/18 13:23:01.330019	FL1R1CPS0	ON	30
10/27/18 13:23:01.357003	FL1R1CPS1	CH	30
10/27/18 13:23:01.391983	FL0R1CPS7	OFF
10/27/18 13:23:01.413971	FL0R1CPS6	OFF
10/27/18 13:23:01.414971	FL1R1CPS2	OFF
10/27/18 13:23:01.577876	FL0R1CPS7	ON	30
10/27/18 13:23:01.643837	FL0R1CPS6	ON	30

10/27/18 13:23:02.615278	 Name Of Activity: Name of activity
Activity ended

10/27/18 13:28:09.821755	 Name Of Activity: Name of activity
Description Of Activity: 	Description
Activity Start

10/27/18 13:28:12.202435	FL2R0CPS6	ON	30
10/27/18 13:28:12.242419	FL2R0CPS6	OFF
10/27/18 13:28:12.319373	FL2R0CPS6	ON	30
10/27/18 13:28:12.375340	FL2R0CPS6	OFF
10/27/18 13:28:12.446299	FL2R0CPS4	ON	30
10/27/18 13:28:12.477284	FL2R1CPS5	ON	30
10/27/18 13:28:12.479281	FL2R1CPS4	ON	30
10/27/18 13:28:12.481281	FL2R0CPS4	OFF
10/27/18 13:28:12.542243	FL2R1CPS4	OFF
10/27/18 13:28:12.565231	FL2R1CPS6	ON	30
10/27/18 13:28:12.634191	FL2R1CPS6	OFF
10/27/18 13:28:12.785105	FL2R1CPS4	ON	30
10/27/18 13:28:12.824596	FL2R1CPS5	OFF
10/27/18 13:28:12.825593	FL2R1CPS4	OFF

10/27/18 13:28:15.580522	 Name Of Activity: Name of activity
Activity ended

10/27/18 13:31:32.933416	 Name Of Activity: Name of activity
Description Of Activity: 	Description
Activity Start

10/27/18 13:31:35.787670	FL0R0CPS1	ON	30
10/27/18 13:31:35.809665	FL0R0CPS3	ON	30
10/27/18 13:31:35.837644	FL0R0CPS4	ON	30
10/27/18 13:31:35.839642	FL0R0CPS1	OFF
10/27/18 13:31:35.864629	FL0R1CPS4	ON	30
10/27/18 13:31:35.866632	FL0R1CPS3	ON	30
10/27/18 13:31:35.896610	FL0R0CPS4	OFF
10/27/18 13:31:35.898608	FL0R0CPS3	OFF
10/27/18 13:31:35.931589	FL0R1CPS5	ON	30
10/27/18 13:31:35.932588	FL0R1CPS2	ON	30
10/27/18 13:31:35.965570	FL0R1CPS5	OFF
10/27/18 13:31:35.967567	FL0R1CPS4	OFF
10/27/18 13:31:35.999548	FL0R1CPS3	OFF
10/27/18 13:31:36.001547	FL0R1CPS2	OFF
10/27/18 13:31:36.179445	FL0R1CPS3	ON	30
10/27/18 13:31:36.180444	FL0R1CPS2	ON	30
10/27/18 13:31:36.212426	FL0R1CPS3	OFF
10/27/18 13:31:36.252649	FL0R1CPS2	OFF

10/27/18 13:31:39.280673	 Name Of Activity: Name of activity
Activity ended

10/27/18 13:32:03.837220	 Name Of Activity: Name of activity
Description Of Activity: 	Description
Activity Start

10/27/18 13:32:10.974324	FL0R1CPS2	ON	30
10/27/18 13:32:11.104246	FL0R1CPS3	ON	30
10/27/18 13:32:11.277146	FL0R1CPS5	ON	30
10/27/18 13:32:11.279147	FL0R1CPS3	OFF
10/27/18 13:32:11.301134	FL0R1CPS4	ON	30
10/27/18 13:32:11.384085	FL0R1CPS5	OFF
10/27/18 13:32:11.385087	FL0R1CPS4	OFF
10/27/18 13:32:11.417066	FL0R1CPS4	ON	30
10/27/18 13:32:11.418067	FL0R1CPS3	ON	30
10/27/18 13:32:11.453048	FL0R1CPS3	OFF
10/27/18 13:32:11.488026	FL0R1CPS4	OFF
10/27/18 13:32:11.489024	FL0R1CPS3	ON	30
10/27/18 13:32:11.491023	FL0R0CPS4	ON	30
10/27/18 13:32:11.561990	FL0R0CPS3	ON	30
10/27/18 13:32:11.691911	FL0R0CPS5	ON	30
10/27/18 13:32:11.879799	FL0R1CPS2	OFF
10/27/18 13:32:11.913780	FL0R0CPS3	CH	60
10/27/18 13:32:11.948759	FL0R1CPS3	OFF
10/27/18 13:32:11.982740	FL0R0CPS2	ON	30
10/27/18 13:32:12.053700	FL0R0CPS3	CH	30
10/27/18 13:32:12.101672	FL0R0CPS2	OFF
10/27/18 13:32:12.152643	FL0R0CPS2	ON	30
10/27/18 13:32:12.184623	FL0R0CPS2	OFF
10/27/18 13:32:12.384507	FL0R0CPS2	ON	30
10/27/18 13:32:12.540422	FL0R0CPS5	OFF
10/27/18 13:32:12.542418	FL0R0CPS4	OFF
10/27/18 13:32:12.543417	FL0R0CPS3	OFF
10/27/18 13:32:12.545418	FL0R0CPS2	OFF

10/27/18 13:32:15.539288	 Name Of Activity: Name of activity
Activity ended

10/27/18 14:05:50.109934	 Name Of Activity: Name of activity
Description Of Activity: 	Description
Activity Start

10/27/18 14:05:52.219717	FL0R1CPS1	ON	30
10/27/18 14:05:52.220707	FL0R1CPS0	ON	30
10/27/18 14:05:52.436582	FL0R1CPS0	CH	60
10/27/18 14:05:52.463567	FL0R1CPS2	ON	30
10/27/18 14:05:52.531529	FL0R1CPS1	CH	60
10/27/18 14:05:52.578504	FL0R1CPS3	ON	30
10/27/18 14:05:52.613480	FL0R1CPS0	OFF
10/27/18 14:05:52.646461	FL0R1CPS1	CH	30
10/27/18 14:05:52.647459	FL0R0CPS3	ON	30
10/27/18 14:05:52.696433	FL0R1CPS2	OFF
10/27/18 14:05:52.697432	FL0R1CPS1	OFF
10/27/18 14:05:52.755398	FL0R1CPS4	ON	30
10/27/18 14:05:52.756397	FL0R1CPS2	ON	30
10/27/18 14:05:52.756397	FL0R1CPS1	ON	30
10/27/18 14:05:52.955283	FL0R1CPS2	OFF
10/27/18 14:05:52.956283	FL0R1CPS1	OFF
10/27/18 14:05:53.060205	FL0R0CPS3	OFF
10/27/18 14:05:53.444797	FL0R1CPS4	OFF
10/27/18 14:05:53.446796	FL0R1CPS2	ON	30
10/27/18 14:05:53.481774	FL0R1CPS1	ON	30
10/27/18 14:05:53.483778	FL0R1CPS0	ON	30
10/27/18 14:05:53.584715	FL0R1CPS3	OFF
10/27/18 14:05:53.586713	FL0R1CPS1	CH	60
10/27/18 14:05:53.673664	FL0R1CPS1	CH	30
10/27/18 14:05:53.731629	FL0R1CPS2	OFF
10/27/18 14:05:53.764611	FL0R1CPS0	OFF
10/27/18 14:05:53.798595	FL0R1CPS0	ON	30
10/27/18 14:05:53.971491	FL0R1CPS1	OFF
10/27/18 14:05:53.972491	FL0R1CPS0	OFF

10/27/18 14:05:57.099700	 Name Of Activity: Name of activity
Activity ended

10/27/18 20:58:49.012886	 Name Of Activity: Name of activity
Description Of Activity: 	Description
Activity Start

10/27/18 20:58:53.131566	FL0R1CPS0	CH	60
10/27/18 20:58:53.254496	FL0R1CPS0	CH	30
10/27/18 20:58:54.342881	FL0R0CPS0	ON	30
10/27/18 20:58:54.778616	FL0R1CPS0	CH	60
10/27/18 20:58:54.884555	FL0R1CPS0	CH	30
10/27/18 20:58:54.957512	FL0R1CPS1	CH	60
10/27/18 20:58:55.213366	FL0R1CPS1	CH	30

10/27/18 20:58:57.045312	 Name Of Activity: Name of activity
Activity ended

10/27/18 21:39:52.393498	 Name Of Activity: Correr
Description Of Activity: 	Una persona corriendo
Activity Start

10/27/18 21:39:54.574378	FL0R1CPS1	CH	60
10/27/18 21:39:54.612356	FL0R1CPS1	CH	30
10/27/18 21:39:54.721026	FL0R0CPS0	ON	30
10/27/18 21:39:54.959128	FL0R0CPS3	ON	30
10/27/18 21:39:54.961128	FL0R0CPS2	ON	30
10/27/18 21:39:54.963125	FL0R0CPS1	ON	30
10/27/18 21:39:54.966670	FL0R0CPS0	CH	60
10/27/18 21:39:55.078117	FL0R0CPS0	CH	30
10/27/18 21:39:55.312466	FL0R0CPS1	CH	60
10/27/18 21:39:55.443752	FL0R0CPS1	CH	30
10/27/18 21:39:56.891483	FL0R0CPS7	ON	30
10/27/18 21:39:56.894483	FL0R0CPS6	ON	30
10/27/18 21:39:56.943458	FL1R0CPS1	ON	30
10/27/18 21:39:56.945452	FL1R0CPS0	ON	30
10/27/18 21:40:01.775104	FL2R0CPS5	ON	30
10/27/18 21:40:01.778112	FL2R0CPS4	ON	30
10/27/18 21:40:01.813091	FL2R1CPS4	ON	30
10/27/18 21:40:01.854062	FL2R0CPS3	ON	30

10/27/18 21:40:09.363308	 Name Of Activity: Correr
Activity ended

10/28/18 03:04:52.569793	 Name Of Activity: Name of activity
Description Of Activity: 	Description
Activity Start

10/28/18 03:04:54.965422	FL0	CH	30
10/28/18 03:04:55.326216	FL0	CH	60
10/28/18 03:04:56.279671	FL0	OFF	

10/28/18 03:04:58.439435	 Name Of Activity: Name of activity
Activity ended

10/28/18 03:19:44.140831	 Name Of Activity: Name of activity
Description Of Activity: 	Description
Activity Start

10/28/18 03:19:45.640989		ON	30FL0
10/28/18 03:19:46.747441		CH	60FL0
10/28/18 03:19:47.194185		OFF	FL0
10/28/18 03:19:47.281137		ON	30FL0
10/28/18 03:19:48.622449		OFF	FL0

10/28/18 03:19:50.797729	 Name Of Activity: Name of activity
Activity ended

10/28/18 03:33:27.072500	 Name Of Activity: Name of activity
Description Of Activity: 	Description
Activity Start

10/28/18 03:33:28.700569	FL0	ON	30
10/28/18 03:33:29.191326	FL0R0CPS4	CH	60
10/28/18 03:33:29.279273	FL0R1CPS4	ON	30
10/28/18 03:33:29.367223	FL0R0CPS4	CH	30
10/28/18 03:33:29.404202	FL0R1CPS5	ON	30
10/28/18 03:33:29.668050	FL0R1CPS3	ON	30
10/28/18 03:33:29.940894	FL0R1CPS0	ON	30
10/28/18 03:33:29.979878	FL0R1CPS2	ON	30
10/28/18 03:33:29.996897	FL0R1CPS1	ON	30
10/28/18 03:33:30.013888	FL0	CH	60
10/28/18 03:33:30.014889	FL0R1CPS0	CH	60
10/28/18 03:33:30.097840	FL0R1CPS0	CH	30
10/28/18 03:33:30.119827	FL0	CH	30
10/28/18 03:33:30.405663	FL0	OFF	

10/28/18 03:33:31.883975	 Name Of Activity: Name of activity
Activity ended

10/28/18 04:19:07.018612	 Name Of Activity: Name of activity
Description Of Activity: 	Description
Activity Start

10/28/18 04:19:11.027762	FL0	ON	30
10/28/18 04:19:11.027762	FL0R0CPS6	ON	30
10/28/18 04:19:11.028762	FL0R0CPS5	ON	30
10/28/18 04:19:11.386559	FL0R0CPS4	ON	30
10/28/18 04:19:11.493496	FL0R0CPS5	CH	60
10/28/18 04:19:11.525478	FL0R0CPS5	CH	30
10/28/18 04:19:11.641414	FL0R0CPS1	OFF
10/28/18 04:19:11.669397	FL0R0CPS1	ON	30
10/28/18 04:19:12.063169	FL0	CH	60
10/28/18 04:19:12.063169	FL0R0CPS1	CH	60
10/28/18 04:19:12.064172	FL0R0CPS0	CH	60
10/28/18 04:19:12.085159	FL0R1CPS0	ON	30
10/28/18 04:19:12.086158	FL0R0CPS1	CH	30
10/28/18 04:19:12.170109	FL0R0CPS0	CH	30
10/28/18 04:19:12.591885	FL0	OFF	

10/28/18 04:19:14.703710	 Name Of Activity: Name of activity
Activity ended

10/28/18 04:20:38.094455	 Name Of Activity: Name of activity
Description Of Activity: 	Description
Activity Start

10/28/18 04:20:44.335432	FL0	ON	30
10/28/18 04:20:44.607272	FL0R1CPS1	ON	30
10/28/18 04:20:44.640251	FL0R1CPS2	ON	30
10/28/18 04:20:44.643249	FL0R1CPS3	ON	30
10/28/18 04:20:44.734197	FL0	CH	60
10/28/18 04:20:44.735196	FL0R1CPS0	CH	60
10/28/18 04:20:44.772175	FL0R1CPS1	CH	60
10/28/18 04:20:44.815153	FL0R1CPS0	CH	30
10/28/18 04:20:44.877116	FL0R1CPS2	CH	60
10/28/18 04:20:44.880116	FL0R1CPS3	CH	60
10/28/18 04:20:44.881113	FL0R1CPS1	CH	30
10/28/18 04:20:44.903101	FL0R1CPS4	ON	30
10/28/18 04:20:44.904102	FL0R1CPS2	CH	30
10/28/18 04:20:44.941078	FL0R1CPS3	CH	30
10/28/18 04:20:44.980056	FL0R1CPS3	CH	60
10/28/18 04:20:44.999045	FL0R1CPS3	CH	30
10/28/18 04:20:45.407816	FL0	CH	30
10/28/18 04:20:45.588708	FL0R0CPS5	CH	60
10/28/18 04:20:45.626690	FL0R0CPS5	CH	30
10/28/18 04:20:46.068444	FL0	OFF	

10/28/18 04:20:48.211209	 Name Of Activity: Name of activity
Activity ended

10/28/18 04:24:20.995913	 Name Of Activity: Name of activity
Description Of Activity: 	Description
Activity Start

10/28/18 04:24:35.736284	FL0	ON	30
10/28/18 04:24:37.180456	FL0	OFF	

10/28/18 04:24:40.866069	 Name Of Activity: Name of activity
Activity ended

10/28/18 04:31:49.390954	 Name Of Activity: Name of activity
Description Of Activity: 	Description
Activity Start

10/28/18 04:31:52.523575	FL0	ON	30
10/28/18 04:31:52.569550	FL0R1CPS0	ON	30
10/28/18 04:31:52.591538	FL0	CH	60
10/28/18 04:31:52.592538	FL0R0CPS0	CH	60
10/28/18 04:31:52.627519	FL0R0CPS0	CH	30
10/28/18 04:31:54.096735	FL0R1CPS1	ON	30
10/28/18 04:31:54.114707	FL0R0CPS1	CH	60
10/28/18 04:31:54.158685	FL0R0CPS2	CH	60
10/28/18 04:31:54.159682	FL0R0CPS1	CH	30
10/28/18 04:31:54.180672	FL0R0CPS3	CH	60
10/28/18 04:31:54.278616	FL0R0CPS2	CH	30
10/28/18 04:31:54.315593	FL0R0CPS2	CH	60
10/28/18 04:31:54.341576	FL0R0CPS2	CH	30
10/28/18 04:31:54.383554	FL0R0CPS3	CH	30
10/28/18 04:31:55.685948	FL0	OFF	

10/28/18 04:31:57.279390	 Name Of Activity: Name of activity
Activity ended

10/28/18 04:38:40.509502	 Name Of Activity: Name of activity
Description Of Activity: 	Description
Activity Start

10/28/18 04:38:43.842026	FL0	ON	30
10/28/18 04:38:44.166918	FL0	OFF	

10/28/18 04:38:46.678822	 Name Of Activity: Name of activity
Activity ended

10/28/18 04:38:53.911314	 Name Of Activity: Name of activity
Description Of Activity: 	Description
Activity Start

10/28/18 04:38:56.000266	FL0	ON	30
10/28/18 04:38:56.550172	FL0	OFF	
10/28/18 04:38:56.714074	FL0	ON	30
10/28/18 04:38:57.328747	FL0	OFF	
10/28/18 04:38:57.429680	FL0	ON	30
10/28/18 04:38:57.501643	FL0	OFF	

10/28/18 04:38:59.174011	 Name Of Activity: Name of activity
Activity ended

10/28/18 04:41:10.591283	 Name Of Activity: Name of activity
Description Of Activity: 	Description
Activity Start

10/28/18 04:41:11.636872	FL0	ON	30
10/28/18 04:41:11.844760	FL0	OFF	
10/28/18 04:41:11.985679	FL0	ON	30
10/28/18 04:41:11.986679	FL0R0CPS5	ON	30
10/28/18 04:41:12.127599	FL0R0CPS4	ON	30
10/28/18 04:41:12.128598	FL0R0CPS3	ON	30
10/28/18 04:41:12.315490	FL0	CH	60
10/28/18 04:41:12.316493	FL0R0CPS2	CH	60
10/28/18 04:41:12.453414	FL0R0CPS3	CH	60
10/28/18 04:41:12.526384	FL0R1CPS3	ON	30
10/28/18 04:41:12.526384	FL0R0CPS2	CH	30
10/28/18 04:41:12.583338	FL0R0CPS3	CH	30
10/28/18 04:41:12.603334	FL0R0CPS3	CH	60
10/28/18 04:41:12.653296	FL0R0CPS3	CH	30
10/28/18 04:41:12.702268	FL0R1CPS2	ON	30
10/28/18 04:41:12.722260	FL0R1CPS1	ON	30
10/28/18 04:41:12.756238	FL0R1CPS0	ON	30
10/28/18 04:41:12.773228	FL0R1CPS0	OFF
10/28/18 04:41:12.922141	FL0R1CPS0	ON	30
10/28/18 04:41:13.744674	FL0R0CPS3	CH	60
10/28/18 04:41:13.783650	FL0R0CPS3	CH	30
10/28/18 04:41:13.930564	FL0R0CPS2	CH	60
10/28/18 04:41:13.967545	FL0R0CPS2	CH	30
10/28/18 04:41:13.968543	FL0R0CPS1	CH	60
10/28/18 04:41:14.005525	FL0R0CPS0	CH	60
10/28/18 04:41:14.022513	FL0R1CPS2	OFF
10/28/18 04:41:14.022513	FL0R1CPS1	OFF
10/28/18 04:41:14.071484	FL0R0CPS1	CH	30
10/28/18 04:41:14.293357	FL0R0CPS0	CH	30
10/28/18 04:41:14.310349	FL0R0CPS0	OFF

10/28/18 04:41:17.630884	 Name Of Activity: Name of activity
Activity ended

10/28/18 05:01:51.878812	 Name Of Activity: Name of activity
Description Of Activity: 	Description
Activity Start

10/28/18 05:01:53.432365	FL0	ON	30
10/28/18 05:01:54.296287	FL0	OFF	

10/28/18 05:01:55.967921	 Name Of Activity: Name of activity
Activity ended

10/28/18 05:03:21.138337	 Name Of Activity: Name of activity
Description Of Activity: 	Description
Activity Start

10/28/18 05:03:22.856353	FL0	ON	30
10/28/18 05:03:22.922318	FL0R0CPS1	ON	30
10/28/18 05:03:22.988279	FL0R0CPS2	ON	30
10/28/18 05:03:23.005269	FL0R0CPS3	ON	30
10/28/18 05:03:23.330093	FL0	OFF	
10/28/18 05:03:23.366061	FL1	ON	30
10/28/18 05:03:23.367062	FL1R1CPS2	ON	30
10/28/18 05:03:23.367062	FL1R1CPS1	ON	30
10/28/18 05:03:23.368061	FL1R1CPS0	ON	30
10/28/18 05:03:23.382052	FL1R1CPS3	ON	30
10/28/18 05:03:23.451012	FL1R1CPS4	ON	30
10/28/18 05:03:23.700870	FL1	OFF	
10/28/18 05:03:23.724859	FL2	ON	30
10/28/18 05:03:23.725856	FL2R0CPS2	ON	30
10/28/18 05:03:23.726859	FL2R0CPS1	ON	30
10/28/18 05:03:23.741848	FL2R0CPS3	ON	30
10/28/18 05:03:23.758836	FL2R1CPS3	ON	30
10/28/18 05:03:23.770830	FL2R0CPS4	ON	30
10/28/18 05:03:23.812809	FL2R1CPS4	ON	30
10/28/18 05:03:23.833796	FL2R0CPS6	ON	30
10/28/18 05:03:23.835794	FL2R0CPS5	ON	30
10/28/18 05:03:23.962199	FL2R1CPS2	ON	30
10/28/18 05:03:24.045154	FL2	OFF	

10/28/18 05:03:26.114481	 Name Of Activity: Name of activity
Activity ended

10/28/18 05:08:09.594770	 Name Of Activity: Name of activity
Description Of Activity: 	Description
Activity Start

10/28/18 05:08:14.157596	FL0	ON	30
10/28/18 05:08:14.822182	FL0	OFF	

10/28/18 05:08:17.068030	 Name Of Activity: Name of activity
Activity ended

10/28/18 05:11:35.473507	 Name Of Activity: Name of activity
Description Of Activity: 	Description
Activity Start

10/28/18 05:11:38.794616	FL0	ON	30
10/28/18 05:11:38.795615	FL0R0CPS1	ON	30
10/28/18 05:11:38.796616	FL0R0CPS0	ON	30
10/28/18 05:11:38.887563	FL0R0CPS0	OFF
10/28/18 05:11:38.954525	FL0	OFF	
10/28/18 05:11:38.956525	FL0R0CPS1	OFF

10/28/18 05:11:41.330245	 Name Of Activity: Name of activity
Activity ended

10/28/18 05:12:08.084126	 Name Of Activity: Name of activity
Description Of Activity: 	Description
Activity Start

10/28/18 05:12:10.640120	FL0	ON	30
10/28/18 05:12:10.641118	FL0R0CPS2	ON	30
10/28/18 05:12:10.773042	FL0R0CPS5	ON	30
10/28/18 05:12:10.774041	FL0R0CPS4	ON	30
10/28/18 05:12:10.775041	FL0R0CPS3	ON	30
10/28/18 05:12:10.839007	FL0R0CPS5	OFF
10/28/18 05:12:10.840004	FL0R0CPS4	OFF
10/28/18 05:12:10.841003	FL0R0CPS3	OFF
10/28/18 05:12:10.842003	FL0R0CPS1	ON	30
10/28/18 05:12:10.898970	FL0R0CPS2	CH	60
10/28/18 05:12:10.938950	FL0R0CPS3	ON	30
10/28/18 05:12:10.969933	FL0	CH	60
10/28/18 05:12:10.970930	FL0R0CPS3	OFF
10/28/18 05:12:10.970930	FL0R0CPS1	OFF
10/28/18 05:12:10.996914	FL0R0CPS3	ON	30
10/28/18 05:12:11.017910	FL0R0CPS2	CH	30
10/28/18 05:12:11.035898	FL0R0CPS4	ON	30
10/28/18 05:12:11.142831	FL0R1CPS4	ON	30
10/28/18 05:12:11.190803	FL0R1CPS3	ON	30
10/28/18 05:12:11.191803	FL0R0CPS5	ON	30
10/28/18 05:12:11.192804	FL0R0CPS4	CH	60
10/28/18 05:12:11.192804	FL0R0CPS3	CH	60
10/28/18 05:12:11.214790	FL0R0CPS5	OFF
10/28/18 05:12:11.215788	FL0R0CPS4	CH	30
10/28/18 05:12:11.215788	FL0R0CPS3	CH	30
10/28/18 05:12:11.251768	FL0R1CPS4	OFF
10/28/18 05:12:11.253770	FL0R0CPS4	OFF
10/28/18 05:12:11.314732	FL0R1CPS2	ON	30
10/28/18 05:12:11.315732	FL0R0CPS2	CH	60
10/28/18 05:12:11.353710	FL0R1CPS1	ON	30
10/28/18 05:12:11.354710	FL0R1CPS0	ON	30
10/28/18 05:12:11.355709	FL0R0CPS1	ON	30
10/28/18 05:12:11.372700	FL0R0CPS0	ON	30
10/28/18 05:12:11.407685	FL0R0CPS1	CH	60
10/28/18 05:12:11.440660	FL0R1CPS3	OFF
10/28/18 05:12:11.441659	FL0R1CPS2	OFF
10/28/18 05:12:11.457652	FL0R1CPS1	OFF
10/28/18 05:12:11.458650	FL0R0CPS3	OFF
10/28/18 05:12:11.458650	FL0R0CPS2	CH	30
10/28/18 05:12:11.536605	FL0R0CPS1	CH	30
10/28/18 05:12:11.569587	FL0R0CPS3	ON	30
10/28/18 05:12:11.570586	FL0R0CPS0	CH	60
10/28/18 05:12:11.587577	FL0R1CPS3	ON	30
10/28/18 05:12:11.588575	FL0R1CPS2	ON	30
10/28/18 05:12:11.589575	FL0R1CPS1	ON	30
10/28/18 05:12:11.638548	FL0R1CPS3	OFF
10/28/18 05:12:11.657536	FL0R1CPS2	OFF
10/28/18 05:12:11.657536	FL0R0CPS3	OFF
10/28/18 05:12:11.658536	FL0R0CPS2	OFF
10/28/18 05:12:11.659534	FL0R0CPS1	OFF
10/28/18 05:12:11.696514	FL0R0CPS0	CH	30
10/28/18 05:12:11.746490	FL0	CH	30
10/28/18 05:12:11.747490	FL0R0CPS0	OFF
10/28/18 05:12:11.770476	FL0R1CPS1	OFF
10/28/18 05:12:11.970360	FL0	OFF	
10/28/18 05:12:11.971360	FL0R1CPS0	OFF

10/28/18 05:12:13.807428	 Name Of Activity: Name of activity
Activity ended

10/28/18 05:24:44.361345	 Name Of Activity: Name of activity
Description Of Activity: 	Description
Activity Start

10/28/18 05:24:46.061378	FL0R0CPS2	ON	30
10/28/18 05:24:46.110413	FL0	ON	30
10/28/18 05:24:46.229338	FL0R0CPS1	ON	30
10/28/18 05:24:46.345262	FL0R0CPS0	ON	30
10/28/18 05:24:46.387241	FL0R0CPS2	OFF
10/28/18 05:24:46.579137	FL0R0CPS2	ON	30
10/28/18 05:24:46.580126	FL0R0CPS1	CH	60
10/28/18 05:24:46.617105	FL0R0CPS2	OFF
10/28/18 05:24:46.639096	FL0R0CPS1	CH	30
10/28/18 05:24:46.684067	FL0R0CPS0	CH	60
10/28/18 05:24:46.708054	FL0	CH	60
10/28/18 05:24:46.709059	FL0R0CPS0	CH	30
10/28/18 05:24:46.758026	FL0R0CPS1	OFF
10/28/18 05:24:46.900943	FL0R0CPS0	OFF
10/28/18 05:24:46.929930	FL0	OFF	

10/28/18 05:24:48.966941	 Name Of Activity: Name of activity
Activity ended

10/28/18 05:45:39.079977	 Name Of Activity: Name of activity
Description Of Activity: 	Description
Activity Start

10/28/18 05:45:40.570212	FL0	ON	30
10/28/18 05:45:41.302793	FL0	OFF	

10/28/18 05:45:43.335680	 Name Of Activity: Name of activity
Activity ended

10/28/18 05:46:06.654745	 Name Of Activity: Name of activity
Description Of Activity: 	Description
Activity Start

10/28/18 05:46:08.993398	FL0	ON	30
10/28/18 05:46:09.938873	FL0	CH	60
10/28/18 05:46:11.615904	FL0	OFF	

10/28/18 05:46:13.458958	 Name Of Activity: Name of activity
Activity ended

10/28/18 05:47:28.418970	 Name Of Activity: Name of activity
Description Of Activity: 	Description
Activity Start

10/28/18 05:47:30.024072	FL0R0CPS1	ON	30
10/28/18 05:47:30.042525	FL0	ON	30
10/28/18 05:47:30.148465	FL0R0CPS2	ON	30
10/28/18 05:47:30.280409	FL0R0CPS3	ON	30
10/28/18 05:47:30.443335	FL0R0CPS2	CH	60
10/28/18 05:47:30.506289	FL0R0CPS3	CH	60
10/28/18 05:47:30.507280	FL0R0CPS0	ON	30
10/28/18 05:47:30.554253	FL0R0CPS3	CH	30
10/28/18 05:47:30.611222	FL0R1CPS3	ON	30
10/28/18 05:47:30.631209	FL0R1CPS2	ON	30
10/28/18 05:47:30.633211	FL0R1CPS1	ON	30
10/28/18 05:47:30.635209	FL0R1CPS0	ON	30
10/28/18 05:47:30.663193	FL0R0CPS1	CH	60
10/28/18 05:47:30.663193	FL0R0CPS0	CH	60
10/28/18 05:47:30.676183	FL0R0CPS2	CH	30
10/28/18 05:47:30.695171	FL0	CH	60
10/28/18 05:47:30.696171	FL0R1CPS3	OFF
10/28/18 05:47:30.697171	FL0R1CPS2	OFF
10/28/18 05:47:30.717161	FL0R1CPS1	OFF
10/28/18 05:47:30.718159	FL0R0CPS3	OFF
10/28/18 05:47:30.718159	FL0R0CPS2	OFF
10/28/18 05:47:30.738147	FL0R0CPS1	CH	30
10/28/18 05:47:30.739147	FL0R0CPS0	CH	30
10/28/18 05:47:30.825098	FL0R1CPS0	OFF
10/28/18 05:47:31.073955	FL0R0CPS1	OFF
10/28/18 05:47:31.074954	FL0R0CPS0	OFF
10/28/18 05:47:31.120930	FL0	OFF	

10/28/18 05:47:33.048932	 Name Of Activity: Name of activity
Activity ended

10/28/18 20:12:08.032484	 Name Of Activity: Name of activity
Description Of Activity: 	Description
Activity Start

10/28/18 20:12:11.852482	FL0	ON	30
10/28/18 20:12:11.853463	FL0R1CPS5	ON	30
10/28/18 20:12:11.868455	FL0R1CPS4	ON	30
10/28/18 20:12:11.885448	FL0R1CPS6	ON	30
10/28/18 20:12:11.956405	FL0R0CPS4	ON	30
10/28/18 20:12:12.018369	FL0R0CPS4	OFF
10/28/18 20:12:12.090328	FL0R1CPS6	OFF
10/28/18 20:12:12.091328	FL0R1CPS4	OFF
10/28/18 20:12:12.142298	FL0	OFF	
10/28/18 20:12:12.142298	FL0R1CPS5	OFF
10/28/18 20:12:12.217259	FL0	ON	30
10/28/18 20:12:12.219257	FL0R0CPS6	ON	30
10/28/18 20:12:12.237245	FL0	OFF	
10/28/18 20:12:12.238244	FL0R0CPS6	OFF
10/28/18 20:12:12.306205	FL0R0CPS6	ON	30
10/28/18 20:12:12.307205	FL0R0CPS5	ON	30
10/28/18 20:12:12.323195	FL0	ON	30
10/28/18 20:12:12.411145	FL0R0CPS5	OFF
10/28/18 20:12:12.452122	FL0R0CPS6	OFF
10/28/18 20:12:12.469111	FL0	OFF	

10/28/18 20:12:14.222118	 Name Of Activity: Name of activity
Activity ended

10/28/18 20:17:27.659425	 Name Of Activity: Name of activity
Description Of Activity: 	Description
Activity Start

10/28/18 20:17:33.638103	FL0R0CPS6	ON	30
10/28/18 20:17:33.655094	FL0	ON	30
10/28/18 20:17:33.692073	FL0R0CPS7	ON	30
10/28/18 20:17:33.721064	FL0R0CPS7	OFF
10/28/18 20:17:33.857977	FL0R0CPS7	ON	30
10/28/18 20:17:34.114830	FL0R0CPS5	ON	30
10/28/18 20:17:34.240771	FL0R0CPS4	ON	30
10/28/18 20:17:34.302727	FL0R1CPS4	ON	30
10/28/18 20:17:34.303724	FL0R0CPS5	OFF
10/28/18 20:17:34.340703	FL0R1CPS5	ON	30
10/28/18 20:17:34.342700	FL0R0CPS4	OFF
10/28/18 20:17:34.358693	FL0R1CPS7	ON	30
10/28/18 20:17:34.377684	FL0R1CPS5	OFF
10/28/18 20:17:34.378680	FL0R1CPS4	OFF
10/28/18 20:17:34.394672	FL0R1CPS4	ON	30
10/28/18 20:17:34.414666	FL0R1CPS5	ON	30
10/28/18 20:17:34.415658	FL0R1CPS4	OFF
10/28/18 20:17:34.560575	FL0R1CPS6	ON	30
10/28/18 20:17:34.615543	FL4R0CPS6	ON	30
10/28/18 20:17:34.616543	FL4R0CPS5	ON	30
10/28/18 20:17:34.636534	FL4	ON	30
10/28/18 20:17:34.702494	FL0R0CPS6	OFF
10/28/18 20:17:34.772454	FL0R0CPS7	OFF
10/28/18 20:17:34.870399	FL0R1CPS6	CH	60
10/28/18 20:17:34.916372	FL0R1CPS6	CH	30
10/28/18 20:17:34.935365	FL0R1CPS7	OFF
10/28/18 20:17:34.974339	FL4R0CPS6	CH	60
10/28/18 20:17:34.997325	FL0R1CPS6	OFF
10/28/18 20:17:35.016314	FL4R0CPS7	ON	30
10/28/18 20:17:35.017314	FL0R1CPS5	OFF
10/28/18 20:17:35.046298	FL0	OFF	
10/28/18 20:17:35.083277	FL4R0CPS6	CH	30
10/28/18 20:17:35.110265	FL4R0CPS7	OFF
10/28/18 20:17:35.111260	FL4R0CPS6	CH	60
10/28/18 20:17:35.113259	FL4R0CPS7	ON	30
10/28/18 20:17:35.143243	FL4R0CPS4	ON	30
10/28/18 20:17:35.187224	FL4R0CPS4	OFF
10/28/18 20:17:35.219198	FL4R0CPS6	CH	30
10/28/18 20:17:35.220198	FL4R0CPS4	ON	30
10/28/18 20:17:35.224198	FL4R1CPS7	ON	30
10/28/18 20:17:35.225197	FL4R0CPS4	OFF
10/28/18 20:17:35.253180	FL4R1CPS6	ON	30
10/28/18 20:17:35.254181	FL4R0CPS7	OFF
10/28/18 20:17:35.256179	FL4R0CPS4	ON	30
10/28/18 20:17:35.257177	FL4R0CPS4	OFF
10/28/18 20:17:35.279166	FL4R1CPS5	ON	30
10/28/18 20:17:35.280164	FL4R0CPS4	ON	30
10/28/18 20:17:35.305158	FL4R1CPS5	OFF
10/28/18 20:17:35.306152	FL4R0CPS4	OFF
10/28/18 20:17:35.324139	FL4R1CPS5	ON	30
10/28/18 20:17:35.420084	FL4R1CPS5	OFF
10/28/18 20:17:35.451067	FL4R0CPS4	ON	30
10/28/18 20:17:35.528023	FL4R0CPS6	OFF
10/28/18 20:17:35.568000	FL4R0CPS5	OFF
10/28/18 20:17:35.569999	FL4R1CPS4	ON	30
10/28/18 20:17:35.571997	FL4R0CPS4	OFF
10/28/18 20:17:35.607976	FL4R1CPS5	ON	30
10/28/18 20:17:35.677937	FL4R1CPS4	OFF
10/28/18 20:17:35.678935	FL8R0CPS5	ON	30
10/28/18 20:17:35.697927	FL8R0CPS5	OFF
10/28/18 20:17:35.726909	FL4R0CPS7	ON	30
10/28/18 20:17:35.769883	FL4R1CPS5	OFF
10/28/18 20:17:35.790872	FL8R0CPS5	ON	30
10/28/18 20:17:35.809862	FL8	ON	30
10/28/18 20:17:35.860831	FL8R0CPS6	ON	30
10/28/18 20:17:35.914801	FL4R0CPS7	OFF
10/28/18 20:17:35.976764	FL8R0CPS4	ON	30
10/28/18 20:17:36.110690	FL4R1CPS7	OFF
10/28/18 20:17:36.135679	FL8R0CPS6	CH	60
10/28/18 20:17:36.175651	FL4R1CPS6	OFF
10/28/18 20:17:36.176650	FL8R0CPS7	ON	30
10/28/18 20:17:36.200637	FL4	OFF	
10/28/18 20:17:36.263604	FL8R0CPS6	CH	30
10/28/18 20:17:36.301579	FL8R1CPS7	ON	30
10/28/18 20:17:36.397524	FL8R1CPS6	ON	30
10/28/18 20:17:36.398523	FL8R0CPS7	OFF
10/28/18 20:17:36.426507	FL8R1CPS4	ON	30
10/28/18 20:17:36.459488	FL8R1CPS4	OFF
10/28/18 20:17:36.494470	FL8R1CPS4	ON	30
10/28/18 20:17:36.633420	FL8R0CPS6	OFF
10/28/18 20:17:36.673371	FL12R0CPS6	ON	30
10/28/18 20:17:36.674366	FL8R0CPS5	OFF
10/28/18 20:17:36.695355	FL12	ON	30
10/28/18 20:17:36.696354	FL8R1CPS5	ON	30
10/28/18 20:17:36.697356	FL8R0CPS4	OFF
10/28/18 20:17:36.721339	FL12R0CPS7	ON	30
10/28/18 20:17:36.786301	FL8R1CPS7	OFF
10/28/18 20:17:36.816285	FL8R1CPS7	ON	30
10/28/18 20:17:36.817285	FL8R1CPS4	OFF
10/28/18 20:17:36.841276	FL8R1CPS7	OFF
10/28/18 20:17:36.920225	FL12R0CPS5	ON	30
10/28/18 20:17:36.921228	FL8R1CPS5	OFF
10/28/18 20:17:36.942213	FL8R1CPS7	ON	30
10/28/18 20:17:36.970201	FL8R1CPS7	OFF
10/28/18 20:17:36.972195	FL12R0CPS6	CH	60
10/28/18 20:17:36.997181	FL8	OFF	
10/28/18 20:17:36.998183	FL8R1CPS6	OFF
10/28/18 20:17:37.051151	FL12R0CPS7	OFF
10/28/18 20:17:37.052149	FL12R0CPS6	CH	30
10/28/18 20:17:37.052149	FL12R0CPS4	ON	30
10/28/18 20:17:37.113114	FL12R0CPS6	OFF
10/28/18 20:17:37.133103	FL12R0CPS4	OFF
10/28/18 20:17:37.221055	FL12R1CPS7	ON	30
10/28/18 20:17:37.222053	FL12R0CPS7	ON	30
10/28/18 20:17:37.223053	FL12R0CPS5	OFF
10/28/18 20:17:37.224052	FL13R0CPS0	ON	30
10/28/18 20:17:37.239043	FL12R0CPS5	ON	30
10/28/18 20:17:37.240042	FL13	ON	30
10/28/18 20:17:37.241041	FL13R1CPS0	ON	30
10/28/18 20:17:37.242040	FL13R0CPS0	OFF
10/28/18 20:17:37.267032	FL12R0CPS5	OFF
10/28/18 20:17:37.292012	FL12R1CPS6	ON	30
10/28/18 20:17:37.293013	FL12R0CPS7	OFF
10/28/18 20:17:37.296011	FL13R1CPS1	ON	30
10/28/18 20:17:37.335987	FL12R1CPS7	OFF
10/28/18 20:17:37.337988	FL13R1CPS1	OFF
10/28/18 20:17:37.338985	FL13R1CPS0	OFF
10/28/18 20:17:37.361976	FL13	OFF	
10/28/18 20:17:37.396953	FL12R1CPS6	OFF
10/28/18 20:17:37.398951	FL12	OFF	

10/28/18 20:17:46.424231	 Name Of Activity: Name of activity
Activity ended

10/29/18 03:38:03.420378	 Name Of Activity: Salir de casa
Description Of Activity: 	Salir de la casaActivity Start

10/29/18 03:38:08.648353	FL8	ON	30
10/29/18 03:38:08.649353	FL8R1CPS0	ON	30
10/29/18 03:38:08.659354	FL8R0CPS0	ON	30
10/29/18 03:38:08.799268	FL8R1CPS0	OFF
10/29/18 03:38:08.836246	FL8R0CPS1	ON	30
10/29/18 03:38:08.867228	FL8R0CPS3	ON	30
10/29/18 03:38:08.868230	FL8R0CPS2	ON	30
10/29/18 03:38:09.100094	FL8	CH	60
10/29/18 03:38:09.101094	FL8R0CPS0	CH	60
10/29/18 03:38:09.134078	FL8R0CPS1	CH	60
10/29/18 03:38:09.180050	FL8R0CPS2	CH	60
10/29/18 03:38:09.181052	FL8R0CPS0	CH	30
10/29/18 03:38:09.214032	FL8R0CPS3	CH	60
10/29/18 03:38:09.216028	FL8R0CPS1	CH	30
10/29/18 03:38:09.266998	FL8R0CPS4	ON	30
10/29/18 03:38:09.282990	FL8R0CPS5	ON	30
10/29/18 03:38:09.302982	FL8R0CPS5	OFF
10/29/18 03:38:09.317969	FL8R0CPS2	CH	30
10/29/18 03:38:09.334960	FL8R0CPS5	ON	30
10/29/18 03:38:09.335960	FL8R0CPS3	CH	30
10/29/18 03:38:09.381935	FL8R0CPS4	OFF
10/29/18 03:38:09.447898	FL8R0CPS6	ON	30
10/29/18 03:38:09.483874	FL8R0CPS3	OFF
10/29/18 03:38:09.484874	FL8R0CPS2	OFF
10/29/18 03:38:09.485874	FL8R0CPS0	OFF
10/29/18 03:38:09.500865	FL8R0CPS1	OFF
10/29/18 03:38:09.514857	FL8R0CPS3	ON	30
10/29/18 03:38:09.565830	FL8R0CPS2	ON	30
10/29/18 03:38:09.578822	FL8R0CPS2	OFF
10/29/18 03:38:09.665775	FL8R0CPS4	ON	30
10/29/18 03:38:09.681767	FL8R0CPS7	ON	30
10/29/18 03:38:09.718740	FL8R0CPS3	OFF
10/29/18 03:38:09.734733	FL9	ON	30
10/29/18 03:38:09.736729	FL9R0CPS0	ON	30
10/29/18 03:38:09.782717	FL8R0CPS5	CH	60
10/29/18 03:38:09.794702	FL8R0CPS6	CH	60
10/29/18 03:38:09.797697	FL8R0CPS4	OFF
10/29/18 03:38:09.819195	FL8R0CPS7	CH	60
10/29/18 03:38:09.821193	FL8R0CPS5	CH	30
10/29/18 03:38:09.834188	FL8R0CPS6	CH	30
10/29/18 03:38:09.858179	FL8R0CPS5	OFF
10/29/18 03:38:09.884160	FL9	CH	60
10/29/18 03:38:09.885163	FL9R0CPS0	CH	60
10/29/18 03:38:09.900153	FL8R0CPS7	CH	30
10/29/18 03:38:09.934757	FL9R0CPS1	ON	30
10/29/18 03:38:09.965112	FL9R0CPS2	ON	30
10/29/18 03:38:09.966487	FL9R0CPS1	OFF
10/29/18 03:38:09.968117	FL9R0CPS0	CH	30
10/29/18 03:38:09.980104	FL9R0CPS2	OFF
10/29/18 03:38:10.002092	FL9R0CPS1	ON	30
10/29/18 03:38:10.004091	FL9R0CPS0	CH	60
10/29/18 03:38:10.015083	FL9R0CPS2	ON	30
10/29/18 03:38:10.016082	FL9R0CPS1	OFF
10/29/18 03:38:10.017082	FL9R0CPS0	CH	30
10/29/18 03:38:10.035072	FL9R0CPS3	ON	30
10/29/18 03:38:10.036071	FL9R0CPS1	ON	30
10/29/18 03:38:10.065058	FL9R0CPS2	OFF
10/29/18 03:38:10.185447	FL9R0CPS4	ON	30
10/29/18 03:38:10.236171	FL8R0CPS6	OFF
10/29/18 03:38:10.280288	FL9R1CPS4	ON	30
10/29/18 03:38:10.303133	FL8R0CPS7	OFF
10/29/18 03:38:10.318124	FL8	OFF	
10/29/18 03:38:10.364100	FL9R0CPS0	OFF
10/29/18 03:38:10.416067	FL9R0CPS2	ON	30
10/29/18 03:38:10.465171	FL9R0CPS1	OFF
10/29/18 03:38:10.479034	FL9R0CPS3	CH	60
10/29/18 03:38:10.517011	FL9R0CPS2	OFF
10/29/18 03:38:10.537998	FL9R0CPS4	CH	60
10/29/18 03:38:10.566983	FL9R0CPS3	CH	30
10/29/18 03:38:10.583973	FL9R0CPS5	ON	30
10/29/18 03:38:10.618953	FL9R0CPS6	ON	30
10/29/18 03:38:10.634949	FL9R1CPS5	ON	30
10/29/18 03:38:10.636942	FL9R0CPS7	ON	30
10/29/18 03:38:10.662942	FL9R1CPS5	OFF
10/29/18 03:38:10.664928	FL9R0CPS5	OFF
10/29/18 03:38:10.666933	FL9R0CPS4	CH	30
10/29/18 03:38:10.677919	FL9R1CPS5	ON	30
10/29/18 03:38:10.679919	FL9R0CPS5	ON	30
10/29/18 03:38:10.681921	FL9R0CPS4	CH	60
10/29/18 03:38:10.715896	FL9R1CPS7	ON	30
10/29/18 03:38:10.717901	FL9R1CPS6	ON	30
10/29/18 03:38:10.718898	FL9R1CPS5	CH	60
10/29/18 03:38:10.719893	FL9R1CPS4	CH	60
10/29/18 03:38:10.721893	FL9R0CPS6	OFF
10/29/18 03:38:10.723895	FL9R0CPS5	OFF
10/29/18 03:38:10.725892	FL9R0CPS4	CH	30
10/29/18 03:38:10.733887	FL9R1CPS6	OFF
10/29/18 03:38:10.734884	FL9R1CPS5	CH	30
10/29/18 03:38:10.735884	FL9R1CPS4	CH	30
10/29/18 03:38:10.764850	FL9R0CPS7	OFF
10/29/18 03:38:10.766847	FL9R0CPS3	OFF
10/29/18 03:38:10.779840	FL9R0CPS3	ON	30
10/29/18 03:38:10.800827	FL10R1CPS0	ON	30
10/29/18 03:38:10.801827	FL9R0CPS3	OFF
10/29/18 03:38:10.816818	FL10	ON	30
10/29/18 03:38:10.976731	FL9R1CPS6	ON	30
10/29/18 03:38:11.001714	FL10R1CPS1	ON	30
10/29/18 03:38:11.039227	FL9R0CPS4	OFF
10/29/18 03:38:11.065206	FL10R1CPS2	ON	30
10/29/18 03:38:11.118178	FL9R1CPS7	CH	60
10/29/18 03:38:11.119176	FL9R1CPS4	OFF
10/29/18 03:38:11.162151	FL9R1CPS5	OFF
10/29/18 03:38:11.200135	FL10R1CPS2	OFF
10/29/18 03:38:11.214120	FL10R1CPS0	CH	60
10/29/18 03:38:11.217124	FL13R0CPS6	ON	30
10/29/18 03:38:11.235383	FL10	CH	60
10/29/18 03:38:11.236107	FL10R1CPS1	CH	60
10/29/18 03:38:11.237106	FL13	ON	30
10/29/18 03:38:11.238106	FL13R0CPS7	ON	30
10/29/18 03:38:11.265092	FL14R0CPS1	ON	30
10/29/18 03:38:11.267300	FL14R0CPS0	ON	30
10/29/18 03:38:11.269093	FL13	OFF	
10/29/18 03:38:11.271088	FL13R0CPS7	OFF
10/29/18 03:38:11.272091	FL13R0CPS6	OFF
10/29/18 03:38:11.286080	FL10R1CPS1	CH	30
10/29/18 03:38:11.287078	FL10R1CPS0	CH	30
10/29/18 03:38:11.288078	FL14	ON	30
10/29/18 03:38:11.291082	FL9R1CPS7	CH	30
10/29/18 03:38:11.295077	FL9R1CPS6	OFF
10/29/18 03:38:11.306075	FL14R0CPS0	OFF
10/29/18 03:38:11.367032	FL14R0CPS1	OFF
10/29/18 03:38:11.382023	FL14	OFF	
10/29/18 03:38:11.402013	FL14	ON	30
10/29/18 03:38:11.403011	FL14R0CPS1	ON	30
10/29/18 03:38:11.433995	FL14R0CPS2	ON	30
10/29/18 03:38:11.564920	FL9R1CPS7	OFF
10/29/18 03:38:11.600899	FL10R1CPS2	ON	30
10/29/18 03:38:11.602898	FL10R1CPS0	OFF
10/29/18 03:38:11.603897	FL9	OFF	
10/29/18 03:38:11.617002	FL14R0CPS3	ON	30
10/29/18 03:38:11.699843	FL14R0CPS2	CH	60
10/29/18 03:38:11.700843	FL14R0CPS0	ON	30
10/29/18 03:38:11.715833	FL14R1CPS1	ON	30
10/29/18 03:38:11.716832	FL14R0CPS1	CH	60
10/29/18 03:38:11.745819	FL10R1CPS1	OFF
10/29/18 03:38:11.748904	FL14R0CPS1	CH	30
10/29/18 03:38:11.755813	FL10R1CPS2	OFF
10/29/18 03:38:11.759811	FL14R1CPS3	ON	30
10/29/18 03:38:11.761808	FL14R1CPS2	ON	30
10/29/18 03:38:11.763808	FL14R1CPS0	ON	30
10/29/18 03:38:11.782798	FL10	OFF	
10/29/18 03:38:11.799785	FL14R0CPS3	CH	60
10/29/18 03:38:11.833766	FL14R0CPS2	CH	30
10/29/18 03:38:11.863752	FL14R0CPS4	ON	30
10/29/18 03:38:11.882739	FL14R1CPS3	CH	60
10/29/18 03:38:11.897729	FL14R1CPS4	ON	30
10/29/18 03:38:11.981684	FL14R0CPS4	OFF
10/29/18 03:38:11.983685	FL14R0CPS3	CH	30
10/29/18 03:38:12.034654	FL14R1CPS5	ON	30
10/29/18 03:38:12.035652	FL14R1CPS3	CH	30
10/29/18 03:38:12.114607	FL14R1CPS2	OFF
10/29/18 03:38:12.115605	FL14R1CPS1	OFF
10/29/18 03:38:12.116605	FL14R1CPS0	OFF
10/29/18 03:38:12.117604	FL14R0CPS0	OFF
10/29/18 03:38:12.135594	FL14R1CPS3	OFF
10/29/18 03:38:12.136593	FL14R0CPS3	OFF
10/29/18 03:38:12.137591	FL14R0CPS2	OFF
10/29/18 03:38:12.139593	FL14R0CPS1	OFF
10/29/18 03:38:12.182566	FL14R1CPS3	ON	30
10/29/18 03:38:12.184564	FL14R1CPS2	ON	30
10/29/18 03:38:12.185563	FL14R1CPS1	ON	30
10/29/18 03:38:12.186563	FL14R1CPS0	ON	30
10/29/18 03:38:12.187562	FL14R0CPS3	ON	30
10/29/18 03:38:12.188564	FL14R0CPS2	ON	30
10/29/18 03:38:12.189564	FL14R0CPS1	ON	30
10/29/18 03:38:12.191563	FL14R0CPS0	ON	30
10/29/18 03:38:12.233536	FL14R1CPS1	OFF
10/29/18 03:38:12.235536	FL14R1CPS0	OFF
10/29/18 03:38:12.236537	FL14R0CPS2	OFF
10/29/18 03:38:12.247533	FL14R0CPS1	OFF
10/29/18 03:38:12.249556	FL14R0CPS0	OFF
10/29/18 03:38:12.281509	FL14R0CPS3	OFF
10/29/18 03:38:12.476401	FL14R1CPS3	OFF
10/29/18 03:38:12.499385	FL14R1CPS2	OFF
10/29/18 03:38:12.816203	FL14R1CPS4	OFF
10/29/18 03:38:12.961125	FL14R1CPS5	OFF
10/29/18 03:38:12.999138	FL14	OFF	

10/29/18 03:38:16.196299	 Name Of Activity: Salir de casa
Activity ended

10/29/18 03:42:09.909428	 Name Of Activity: Name of activity
Description Of Activity: 	Description
Activity Start

10/29/18 03:42:15.328370	FL14	ON	30
10/29/18 03:42:15.970010	FL14	CH	60
10/29/18 03:42:16.381758	FL14	CH	30
10/29/18 03:42:16.532679	FL10	ON	30
10/29/18 03:42:17.061368	FL14	OFF	
10/29/18 03:42:17.137324	FL10	CH	60
10/29/18 03:42:17.168307	FL9	ON	30
10/29/18 03:42:17.681014	FL5	ON	30
10/29/18 03:42:17.735983	FL5	OFF	
10/29/18 03:42:17.757970	FL10	OFF	
10/29/18 03:42:17.793959	FL5	ON	30
10/29/18 03:42:18.315658	FL9	OFF	
10/29/18 03:42:18.431595	FL5	CH	60
10/29/18 03:42:18.515536	FL4	ON	30
10/29/18 03:42:18.978286	FL5	OFF	
10/29/18 03:42:19.695861	FL4	CH	60
10/29/18 03:42:19.926738	FL4	OFF	
10/29/18 03:42:19.928728	FL4	ON	30
10/29/18 03:42:19.929728	FL4	OFF	

10/29/18 03:42:24.404712	 Name Of Activity: Name of activity
Activity ended

11/07/18 20:54:17.689508	 Name Of Activity: TestDeSuelo
Description Of Activity: 	Description
Activity Start

11/07/18 20:54:24.651288	FL1R0CPS1	ON	30
11/07/18 20:54:24.673278	FL1	ON	30
11/07/18 20:54:24.695263	FL1	OFF	
11/07/18 20:54:24.696261	FL1R0CPS1	OFF
11/07/18 20:54:24.732241	FL1R0CPS1	ON	30
11/07/18 20:54:24.748247	FL1	ON	30
11/07/18 20:54:24.749241	FL1R0CPS2	ON	30
11/07/18 20:54:24.854171	FL1R0CPS1	OFF
11/07/18 20:54:25.152998	FL1R0CPS5	ON	30
11/07/18 20:54:25.187979	FL1R0CPS4	ON	30
11/07/18 20:54:25.236952	FL1R0CPS3	ON	30
11/07/18 20:54:25.311907	FL1R0CPS5	CH	60
11/07/18 20:54:25.312907	FL1R0CPS4	CH	60
11/07/18 20:54:25.415854	FL1R0CPS6	ON	30
11/07/18 20:54:25.704691	FL1R0CPS7	ON	30
11/07/18 20:54:25.706688	FL1R0CPS5	CH	30
11/07/18 20:54:25.707686	FL1R0CPS4	CH	30
11/07/18 20:54:25.707686	FL1R0CPS3	OFF
11/07/18 20:54:25.708685	FL1R0CPS2	OFF
11/07/18 20:54:25.711685	FL1R1CPS7	ON	30
11/07/18 20:54:25.712687	FL1R1CPS6	ON	30
11/07/18 20:54:25.713686	FL1R1CPS5	ON	30
11/07/18 20:54:25.713686	FL1R1CPS4	ON	30
11/07/18 20:54:25.742668	FL1R1CPS7	OFF
11/07/18 20:54:25.743667	FL1R1CPS6	OFF
11/07/18 20:54:25.744676	FL1R1CPS5	OFF
11/07/18 20:54:25.744676	FL1R1CPS4	OFF
11/07/18 20:54:25.745675	FL1R0CPS4	CH	60
11/07/18 20:54:25.746666	FL1R0CPS3	ON	30
11/07/18 20:54:25.746666	FL1R0CPS2	ON	30
11/07/18 20:54:25.775649	FL1R0CPS4	CH	30
11/07/18 20:54:25.792638	FL1R0CPS2	OFF
11/07/18 20:54:25.826619	FL1R1CPS7	ON	30
11/07/18 20:54:25.925561	FL2R1CPS0	ON	30
11/07/18 20:54:25.926560	FL1R0CPS3	OFF
11/07/18 20:54:25.942551	FL2R0CPS0	ON	30
11/07/18 20:54:25.959541	FL2	ON	30
11/07/18 20:54:25.959541	FL2R1CPS0	OFF
11/07/18 20:54:25.960542	FL1R1CPS4	ON	30
11/07/18 20:54:25.975532	FL2R1CPS0	ON	30
11/07/18 20:54:25.992523	FL1R1CPS6	ON	30
11/07/18 20:54:25.993523	FL1R1CPS5	ON	30
11/07/18 20:54:25.993523	FL1R0CPS4	OFF
11/07/18 20:54:26.024504	FL1R1CPS4	OFF
11/07/18 20:54:26.025504	FL1R0CPS5	OFF
11/07/18 20:54:26.042494	FL1R1CPS7	CH	60
11/07/18 20:54:26.043493	FL1R1CPS5	OFF
11/07/18 20:54:26.043493	FL1R0CPS5	ON	30
11/07/18 20:54:26.075475	FL1R0CPS5	OFF
11/07/18 20:54:26.137441	FL2R1CPS0	CH	60
11/07/18 20:54:26.138439	FL1R1CPS7	CH	30
11/07/18 20:54:26.139441	FL1R1CPS6	OFF
11/07/18 20:54:26.154432	FL2	CH	60
11/07/18 20:54:26.155432	FL2R1CPS0	CH	30
11/07/18 20:54:26.171424	FL1R1CPS7	CH	60
11/07/18 20:54:26.204402	FL2R1CPS0	CH	60
11/07/18 20:54:26.205407	FL1R1CPS7	CH	30
11/07/18 20:54:26.222393	FL2R1CPS1	ON	30
11/07/18 20:54:26.242383	FL2R1CPS0	CH	30
